100
XM_020188399.1 0.0000000 0.7460823 0.7420166 0.7606026 0.7729413 1.0402376 0.9230904 0.9657749 0.9457668 0.9745633 0.9427311 0.9112775 0.9093251 0.9110101 0.9038213 0.9374785 0.9494948 0.9602297 0.9734602 0.9738799 0.9316701 0.9710525 0.9645052 0.9541041 0.9551108 0.9651976 0.9383582 0.8780417 0.9331603 0.9205173 0.8992176 0.8723962 0.8723962 0.9159756 0.8723962 0.9676234 0.9680748 0.9862635 0.9529927 0.9471006 0.9165645 0.9411907 0.9411907 1.0235703 0.9811516 1.0115123 1.0038889 1.0164192 0.9018944 0.8843541 0.9143070 0.9102184 0.9152225 2.0513547 2.0286807 2.3346047 2.3571286 2.0969565 1.1641267 0.8667296 0.8712477 0.8865975 0.9095497 2.2893287 1.1385319 1.1382852 2.2033035 1.9901149 2.2502419 2.2279682 2.2671482 0.8678554 0.8647769 0.8736312 0.8710031 1.0774908 0.8654940 0.8626472 0.8683585 0.8976926 0.8841088 0.8905382 0.8360445 0.8546632 0.9297645 0.8582900 0.8831364 0.9802084 0.8343221 0.8879876 0.8435361 0.8435361 0.8154794 1.9782371 1.9624007 1.9624007 1.9479589 0.8614442 0.7682938 0.7898820 
XM_027946275.1 0.7460823 0.0000000 0.0104257 0.0335893 0.0301530 1.4231569 1.3744577 1.0118231 1.0371697 1.0996518 1.0377512 1.0307611 1.0010533 1.0082110 0.9717925 1.0058797 1.0079645 1.0207635 1.0085352 1.0116470 0.9156856 1.0051274 1.0110731 1.0244332 0.9929885 1.0109247 1.0191228 1.2823397 0.9363110 0.9860673 0.9760681 0.9033150 0.9033150 0.9989118 0.9033150 0.9541993 0.9764421 0.9897702 0.9401090 0.9591813 0.9034237 0.9557055 0.9557055 1.0972740 0.9726372 1.0522564 1.0592820 1.0644199 0.9329740 1.1561917 0.9365461 0.9203790 0.9290331 2.2187158 2.2228326 2.4186218 2.4094389 2.2234008 1.4391677 1.1548299 1.1707123 1.1561165 1.1837338 2.3598081 1.4094905 1.4155695 2.3382469 2.1906493 2.3476113 2.3320585 2.3970095 1.1518810 1.1501835 1.1461175 1.1641142 1.4277044 1.1606111 1.1482858 0.8855914 1.1343693 1.1133065 1.1366166 1.1157387 0.8847116 0.9412083 1.1414657 1.1802116 1.2809238 0.8354782 1.1859421 1.1215660 1.1215660 0.8087772 2.1492066 2.1476383 2.1476383 2.1719665 1.0231092 1.0016499 0.8491756 
XM_015504788.1 0.7420166 0.0104257 0.0000000 0.0494803 0.0318124 1.0261897 0.9966131 1.0055811 1.1085305 1.0881847 1.0275433 1.0125499 0.9860431 0.9932770 1.0050415 1.0041442 1.0053308 1.0278929 1.0055044 1.0086041 0.9100221 1.0021231 1.0080785 1.0213571 0.9972342 1.0108182 1.0160622 0.9909382 0.9273468 0.9801730 0.9738291 0.9658145 0.9658145 0.9808896 0.9658145 1.0275253 1.0488538 1.0603039 1.0112208 0.9693066 0.8780892 1.0265206 1.0265206 1.0970816 0.9728880 1.0371028 1.0561314 1.0612720 1.0977357 0.9039500 0.9641398 0.9298385 0.9409346 1.9182125 1.8575409 2.1729677 2.1641218 1.8968903 1.2241702 0.9057531 0.9354899 1.0909245 0.9157198 2.0140801 1.1922694 1.1946100 2.0660976 1.8397436 2.1300064 2.1171948 2.1363746 0.9224078 0.9222216 0.9304089 1.0878219 1.0908670 0.9249947 0.8900669 0.9002352 0.9199983 0.8795293 0.9602960 0.8723467 1.0724296 0.9448763 0.8968297 0.9337711 1.0288374 0.8466369 0.9390557 0.8882241 0.8882241 0.8269142 1.8218316 1.8146856 1.8146856 1.8520619 1.0171812 0.8529060 0.8587559 
XM_026402237.1 0.7606026 0.0335893 0.0494803 0.0000000 0.0187503 1.4265021 1.3481494 1.0150752 1.1461478 1.1146628 1.0936841 1.0216660 1.0011905 0.9993726 1.0279820 0.9983789 0.9940138 0.9987142 0.9814755 0.9906259 0.8833397 0.9813165 0.9872546 1.0002081 0.9830570 0.9868924 0.9978026 1.3551863 0.9160864 0.9829922 0.9764724 0.9980414 0.9980414 1.0035042 0.9980414 1.0457879 1.0753794 1.0856480 1.0248625 1.0030754 0.9090960 1.0630313 1.0630313 1.0791309 0.9737188 1.1162131 1.0415414 1.0435216 1.0253445 1.1273848 0.9242753 0.9085686 0.9253608 2.1555444 2.1765660 2.3943113 2.3915990 2.2041730 1.4099681 1.1450026 1.1612386 1.2241875 1.1712602 2.3391433 1.3832992 1.3967515 2.3138496 2.1581556 2.3235128 2.3254295 2.4016357 1.1407285 1.1502101 1.1606209 1.2449818 1.4030626 1.1588750 1.1301967 0.8768334 1.1340980 1.1098866 1.2094228 1.1107425 0.9639724 0.9041429 1.1311577 1.1769559 1.2685746 0.8088067 1.1799851 1.1187719 1.1187719 0.7849858 2.1358106 2.1193899 2.1193899 2.1526907 1.0222711 1.0109913 0.8595730 
XM_005328185.4 0.7729413 0.0301530 0.0318124 0.0187503 0.0000000 1.0530683 1.0225928 1.0168029 1.0453492 1.1221052 1.0279692 1.0289418 1.0053121 1.0064877 0.9643655 1.0118446 1.0015071 1.0088260 0.9890263 0.9952253 0.8904887 0.9888329 0.9945225 1.0077944 0.9900048 0.9944171 0.9991727 0.9657638 0.9273487 1.0023312 1.0109918 0.9076499 0.9076499 0.9962798 0.9076499 0.9596729 0.9897645 0.9931233 0.9409647 0.9679245 0.9211311 0.9738832 0.9738832 1.1093139 0.9973553 1.0581409 1.0587564 1.0606563 0.9491266 0.9013745 0.9382442 0.9444142 0.9555698 1.8419965 1.7804110 2.1439988 2.0988428 1.8029040 1.2158144 0.9174650 0.9517972 0.9163181 0.9166956 1.9545179 1.1839297 1.1989619 2.0177795 1.7641266 2.0806656 2.0673035 2.1077238 0.9353133 0.9398608 0.9425083 0.9407707 1.0623236 0.9195509 0.9154345 0.9199199 0.8970229 0.8849725 0.9011293 0.8781870 0.9019735 0.9252016 0.8970543 0.9314469 1.0179210 0.8440929 0.9315034 0.8840347 0.8840347 0.8208516 1.7345339 1.7156734 1.7156734 1.7473614 1.0175314 0.8593587 0.8602781 
XM_037809269.1 1.0402376 1.4231569 1.0261897 1.4265021 1.0530683 0.0000000 1.4218228 0.9448171 0.9789849 1.0418288 0.9338260 0.9307425 0.9019183 0.9131159 0.8328918 0.8562914 0.8618449 0.9213722 0.9154788 0.9199209 0.8263632 0.9048763 0.9173543 0.9182813 0.9365900 0.9297877 0.9501839 1.2406495 0.8742276 0.9641330 0.9625947 0.7595681 0.7595681 0.8797726 0.7595681 0.8547615 0.8879077 0.9070616 0.8301691 0.8598175 0.8143179 0.8820444 0.8820444 0.9825773 0.9312503 0.9622726 0.9631109 0.9899136 0.9867496 1.1857948 0.9304102 0.9668707 0.9695743 2.5543456 2.5167543 2.7690709 2.7668044 2.5884708 1.4887249 1.1698870 1.2243203 1.2022791 1.2671893 2.7490391 1.4516767 1.4409449 2.6432116 2.5088031 2.6684188 2.6358073 2.6758408 1.1946865 1.1759261 1.1711392 1.1719810 1.5197794 1.1853061 1.1791564 0.9119841 1.2092877 1.1257958 1.1276375 1.1576233 0.9002294 0.9926616 1.1443302 1.1932954 1.3214085 0.8647562 1.2169323 1.1382785 1.1340682 0.8210219 2.5168237 2.4382586 2.4382586 2.4369113 1.0160658 1.0555021 0.9215576 
NM_001082395.1 0.9230904 1.3744577 0.9966131 1.3481494 1.0225928 1.4218228 0.0000000 1.0403794 1.0379847 1.0739118 1.0503833 1.0283788 1.0393264 1.0281297 0.9213698 0.9592704 0.9594203 1.0646230 1.0473527 1.0503922 0.9237165 1.0467221 1.0373236 1.0324213 1.0365838 1.0232914 1.0106297 1.3516768 0.9562989 1.0743779 1.0614842 0.8606222 0.8606222 0.9859538 0.8606222 0.9632487 0.9882690 1.0254689 0.9355803 0.9642092 0.9052447 0.9829966 0.9829966 0.9683267 0.9208861 0.9692580 0.9836291 0.9614516 0.9354511 1.1414284 0.9039021 0.8728372 0.8805236 2.1256124 2.1138292 2.4072192 2.3819224 2.0879194 1.3904117 1.0956521 1.1078117 1.0859867 1.1233962 2.3707371 1.3951289 1.4031846 2.3973041 2.1666622 2.3871266 2.3862451 2.3918245 1.1316881 1.1320613 1.1100830 1.1387080 1.3947761 1.1391878 1.1355087 0.9329982 1.1428651 1.0990181 1.1066431 1.0832903 0.8634905 0.9099429 1.0962932 1.1343328 1.2225319 0.8093049 1.1240318 1.0795529 1.0833529 0.7820553 2.1655279 2.1133311 2.1133311 2.1454377 1.0217748 0.9693721 0.8057793 
XM_016128346.2 0.9657749 1.0118231 1.0055811 1.0150752 1.0168029 0.9448171 1.0403794 0.0000000 0.3520830 0.4122900 0.6475588 0.6222449 0.6237104 0.6259403 0.6482114 0.6400066 0.6451081 0.6589135 0.6606695 0.6604571 0.6233734 0.6568376 0.6654713 0.6652280 0.6927060 0.6754548 0.6679525 0.5980568 0.6008988 0.7437234 0.7384309 0.6516248 0.6516248 0.6904572 0.6516248 0.7120831 0.7399782 0.7110150 0.7016920 0.7303088 0.6748114 0.6782487 0.6782487 0.8872891 0.8503407 0.8773145 0.8884869 0.8796556 0.9387862 0.9249631 0.9251696 0.9249059 0.9359005 1.8148012 1.7380299 2.0956470 2.0933085 1.7712257 1.2316790 0.9224609 0.9531348 0.9428984 0.9695330 1.9736396 1.2123457 1.2153951 2.0463848 1.7464848 2.0426148 2.0503834 2.0383959 0.9547678 0.9507481 0.9538093 0.9306610 1.0169833 0.9513405 0.9366318 0.9335517 0.9160244 0.8883645 0.8950760 0.8753507 0.8825418 0.9124947 0.8826319 0.9163744 0.9351680 0.8488486 0.8634604 0.8661726 0.8661726 0.8541105 1.6686915 1.5945801 1.5945801 1.6494561 0.9632046 0.7757307 0.8151427 
XM_033089194.1 0.9457668 1.0371697 1.1085305 1.1461478 1.0453492 0.9789849 1.0379847 0.3520830 0.0000000 0.1707303 0.7255319 0.6887726 0.6937511 0.6993736 0.9982438 0.6584527 0.6610214 0.7206694 0.7025501 0.7045851 0.6481285 0.6943132 0.7336641 0.7281784 0.7660758 0.7220366 0.7305489 0.8673585 0.5662929 0.8059302 0.7966530 0.8715193 0.8715193 0.7185499 0.8715193 0.8927937 1.0589628 0.9034939 0.8768229 0.8353634 0.7388642 0.9583621 0.9663464 0.9241297 0.8865779 0.8894371 0.9153802 0.9091976 1.7816155 0.9556472 1.0050559 0.9646270 0.9609997 1.9211123 1.8862277 2.2166093 2.2170391 1.9221829 1.2317622 0.9245878 0.9850021 1.4217596 0.9424060 2.0632915 1.2119857 1.2355603 2.0922523 1.8142840 2.1209029 2.1353064 2.1805807 0.9574263 0.9623711 0.9964728 1.4846306 1.0571373 0.9561320 0.9282257 0.9329267 0.9743684 0.8946114 0.9881573 0.8623659 1.4592146 0.8728420 0.8781870 0.9181990 0.9853717 0.8783976 0.8996093 0.8887727 0.8887727 0.8433990 1.7481797 1.7628156 1.7628156 1.7690724 0.9461212 0.8244735 0.8673224 
XM_019637756.1 0.9745633 1.0996518 1.0881847 1.1146628 1.1221052 1.0418288 1.0739118 0.4122900 0.1707303 0.0000000 0.7323786 0.6944229 0.7055110 0.7108629 0.6491371 0.7135678 0.7056967 0.7289038 0.7212774 0.7266688 0.6264317 0.7273842 0.7304328 0.7210607 0.7448466 0.7258226 0.7357210 0.6490315 0.5914751 0.8153525 0.8058573 0.6394606 0.6394606 0.7650666 0.6394606 0.7586079 0.7946496 0.7944988 0.7272162 0.7728492 0.7101939 0.7636896 0.7636896 0.9167941 0.8974015 0.9144046 0.9343016 0.9416499 1.0215430 1.0057925 1.0598366 1.0055715 0.9992640 1.8686362 1.8320210 2.1949267 2.1991646 1.9054601 1.2512200 0.9606707 1.0029109 0.9929808 0.9873242 2.0871016 1.2597640 1.2727006 2.0863887 1.8536623 2.1588459 2.1495168 2.1440905 1.0038131 0.9968337 1.0061574 0.9922843 1.1168194 0.9936184 0.9751429 0.9773731 0.9451725 0.9132743 0.9129002 0.8982695 0.9184066 0.9329603 0.9113255 0.9516444 1.0316716 0.8688405 0.9434547 0.9187264 0.9187264 0.8580738 1.7573576 1.7558936 1.7558936 1.7546152 1.0794439 0.9110721 0.9862666 
XM_019466603.1 0.9427311 1.0377512 1.0275433 1.0936841 1.0279692 0.9338260 1.0503833 0.6475588 0.7255319 0.7323786 0.0000000 0.0131166 0.0099293 0.0115753 0.2038269 0.2260790 0.2230271 0.2675562 0.2562275 0.2570117 0.2066202 0.2548967 0.2629964 0.2667056 0.2903078 0.2644938 0.2737451 0.6340683 0.6020116 0.7674186 0.7476697 0.6288115 0.6288115 0.7295489 0.6288115 0.7148303 0.7435173 0.7618183 0.6891456 0.7768459 0.6617914 0.7214663 0.7214663 0.9392102 0.9124136 0.8816682 0.9229389 0.9326357 1.1440994 0.9703104 1.0380182 1.0230003 1.0228823 2.1474331 2.0521769 2.3598253 2.3832079 2.1313393 1.2838921 0.9883244 1.0036194 1.1282292 1.0449071 2.2740053 1.2672417 1.2703361 2.2300662 2.0394101 2.3059794 2.2887886 2.3341733 1.0203463 1.0121458 1.0312744 1.1458284 1.2547565 1.0057289 0.9767149 0.9954627 0.9710147 0.9418495 1.0357924 0.9252091 1.0853533 1.0174447 0.9560833 0.9854072 1.0657054 0.8843847 0.9841070 0.9413267 0.9413267 0.8641695 1.9376184 1.9090518 1.9090518 1.9703320 1.0519044 0.9135342 0.9221784 
XM_040452045.1 0.9112775 1.0307611 1.0125499 1.0216660 1.0289418 0.9307425 1.0283788 0.6222449 0.6887726 0.6944229 0.0131166 0.0000000 0.0100028 0.0103944 0.1976211 0.2072889 0.2149826 0.2366477 0.2372061 0.2357774 0.1951978 0.2336229 0.2504039 0.2438467 0.2708689 0.2580776 0.2600836 0.6292398 0.5898403 0.7529378 0.7484027 0.6337159 0.6337159 0.7201984 0.6337159 0.7184093 0.7382959 0.7596488 0.6985227 0.7331311 0.6642439 0.7173089 0.7173089 0.9134472 0.8755546 0.8869684 0.8995545 0.9093486 0.9903678 0.9378358 0.9879501 0.9855606 0.9853692 2.1291001 2.0333545 2.3509593 2.3743458 2.1124889 1.2698707 0.9734523 0.9986852 1.0000624 1.0385832 2.2538407 1.2601960 1.2501562 2.2211122 2.0208826 2.3108454 2.2863590 2.3096872 1.0175170 1.0042412 1.0073580 1.0110782 1.2515371 0.9903560 0.9754968 0.9842597 0.9331387 0.9318593 0.9344303 0.9042169 0.9429504 1.0007591 0.9340844 0.9584101 1.0332949 0.8699568 0.9496512 0.9093429 0.9093429 0.8538862 1.9116373 1.8827230 1.8827230 1.9281792 1.0378685 0.9005251 0.9151101 
XM_030295683.1 0.9093251 1.0010533 0.9860431 1.0011905 1.0053121 0.9019183 1.0393264 0.6237104 0.6937511 0.7055110 0.0099293 0.0100028 0.0000000 0.0062867 0.2002844 0.1978072 0.2050708 0.2404246 0.2387637 0.2413263 0.1957439 0.2347836 0.2452766 0.2428983 0.2634613 0.2507770 0.2543929 0.6314788 0.5960790 0.7515167 0.7439287 0.6263711 0.6263711 0.7155445 0.6263711 0.7028676 0.7325773 0.7520609 0.6888018 0.7277091 0.6562347 0.7102399 0.7102399 0.9110354 0.8825562 0.8929736 0.9055322 0.9152984 0.9774328 0.9235072 0.9677847 0.9742350 0.9740223 2.0994985 2.0037849 2.3086585 2.3316845 2.0821962 1.2412399 0.9441095 0.9751172 0.9764361 1.0094948 2.2290500 1.2317208 1.2248531 2.1804718 1.9918805 2.2711921 2.2535651 2.2840320 0.9907886 0.9773000 0.9803910 0.9873361 1.2183973 0.9608750 0.9460937 0.9547950 0.9100705 0.8986798 0.9011983 0.8813711 0.9197297 0.9775075 0.9109450 0.9341137 1.0064103 0.8471438 0.9245696 0.8864216 0.8864216 0.8252059 1.8863676 1.8547609 1.8547609 1.9169207 1.0244157 0.8936872 0.8909218 
XM_023244575.1 0.9110101 1.0082110 0.9932770 0.9993726 1.0064877 0.9131159 1.0281297 0.6259403 0.6993736 0.7108629 0.0115753 0.0103944 0.0062867 0.0000000 0.1938800 0.1948889 0.2018178 0.2309774 0.2302531 0.2327460 0.1939948 0.2305693 0.2379045 0.2363754 0.2529019 0.2418666 0.2429188 0.6394219 0.5959241 0.7573822 0.7503663 0.6296124 0.6296124 0.7161395 0.6296124 0.7060428 0.7330912 0.7521435 0.6916971 0.7248239 0.6592792 0.7078226 0.7078226 0.9242168 0.8733619 0.8892768 0.8969770 0.9067496 0.9961939 0.9337583 0.9864489 0.9928062 0.9926303 2.0993037 2.0035169 2.3158785 2.3389707 2.0819836 1.2677034 0.9600729 0.9850789 0.9864133 1.0252640 2.2300508 1.2641358 1.2507677 2.1873836 1.9916084 2.2783136 2.2607613 2.2910912 1.0066223 0.9873266 0.9904075 0.9973037 1.2316082 0.9709271 0.9562170 0.9648817 0.9202756 0.9175738 0.9201030 0.9031677 0.9415855 1.0005678 0.9327919 0.9568593 1.0307903 0.8701194 0.9481223 0.9082510 0.9082510 0.8536065 1.9090100 1.8710023 1.8710023 1.9329934 1.0411163 0.9150325 0.9013576 
XM_034641091.1 0.9038213 0.9717925 1.0050415 1.0279820 0.9643655 0.8328918 0.9213698 0.6482114 0.9982438 0.6491371 0.2038269 0.1976211 0.2002844 0.1938800 0.0000000 0.0283606 0.0259958 0.1001169 0.0969232 0.0976406 0.0939085 0.0938434 0.0937612 0.0955981 0.1052281 0.0990554 0.0963745 1.1239582 0.5669400 0.7362521 0.7387036 7.0039475 1.4143156 0.6899792 1.1719617 0.9035737 1.7891852 0.9101813 0.8617819 0.7334789 0.6533034 1.1095687 1.2833616 0.8049075 0.8185460 0.7424723 0.7848037 0.7633911 8.6349508 0.8542012 0.9013423 0.8996210 0.8961360 1.9820466 1.8933496 2.2754154 2.3033729 1.9240583 1.2048054 0.9113605 0.9268889 1.3962091 0.9486508 2.0793630 1.1703393 1.1979899 2.1729368 1.8721044 2.1861554 2.1994981 2.1967037 0.9115045 0.9245671 0.9395996 1.4292113 1.0232657 0.9295398 0.8911100 0.9094890 0.9224486 0.8497833 0.9623862 0.8621316 1.4648046 0.9118499 0.8679499 0.9110539 0.9606297 0.8502551 0.8679300 0.8652936 0.8652936 0.9043947 1.8356889 1.7607925 1.7607925 1.7832564 0.9006029 0.8295334 0.8404157 
XM_026512511.1 0.9374785 1.0058797 1.0041442 0.9983789 1.0118446 0.8562914 0.9592704 0.6400066 0.6584527 0.7135678 0.2260790 0.2072889 0.1978072 0.1948889 0.0283606 0.0000000 0.0031063 0.0909483 0.0887015 0.0880532 0.0817680 0.0858561 0.0907215 0.0911211 0.1012501 0.0975057 0.0937559 0.6466208 0.5799485 0.7583643 0.7467927 0.6550827 0.6550827 0.7525307 0.6550827 0.7211437 0.7471882 0.7587917 0.6963578 0.7080206 0.6499653 0.7009506 0.7009506 0.8539438 0.8224222 0.8315484 0.8536650 0.8466536 0.9398781 0.8782299 0.9057994 0.9312266 0.9193268 1.9955813 1.9328974 2.2540492 2.2941681 1.9926136 1.2385021 0.9435865 0.9717043 0.9698700 1.0030391 2.0571464 1.2183846 1.2315977 2.1653373 1.9054785 2.2080547 2.2054375 2.2383746 0.9624084 0.9621196 0.9651820 0.9717543 1.1357092 0.9483788 0.9425221 0.9483403 0.9084142 0.8847752 0.9107569 0.8794342 0.9036095 0.9510237 0.8931845 0.9353517 0.9830111 0.8509415 0.8942875 0.8817896 0.8817896 0.8472156 1.8290772 1.7769631 1.7769631 1.7958985 0.9648104 0.8665635 0.8958695 
XM_040640422.1 0.9494948 1.0079645 1.0053308 0.9940138 1.0015071 0.8618449 0.9594203 0.6451081 0.6610214 0.7056967 0.2230271 0.2149826 0.2050708 0.2018178 0.0259958 0.0031063 0.0000000 0.0883491 0.0886857 0.0880376 0.0837599 0.0871138 0.0920039 0.0924098 0.1004210 0.0988684 0.0950782 0.6581528 0.5957876 0.7608706 0.7475734 0.6488011 0.6488011 0.7468728 0.6488011 0.7150844 0.7411220 0.7528524 0.6949548 0.6962426 0.6439113 0.6951193 0.6951193 0.8538160 0.8222892 0.8281292 0.8535364 0.8465256 0.9400814 0.8841267 0.9117725 0.9286028 0.9166850 2.0115712 1.9491081 2.2689382 2.2932370 2.0090464 1.2577467 0.9524852 0.9748045 0.9729588 1.0088679 2.0749717 1.2375839 1.2401963 2.1798412 1.9213440 2.2227424 2.2203437 2.2529842 0.9772749 0.9770075 0.9800856 0.9807572 1.1621622 0.9631645 0.9514292 0.9572639 0.9171914 0.8969633 0.9195610 0.8880969 0.9123810 0.9704323 0.9036472 0.9445845 0.9900874 0.8626090 0.9008976 0.8878864 0.8878864 0.8612313 1.8437758 1.7924316 1.7924316 1.8110636 0.9627532 0.8604497 0.8896681 
XM_004405886.1 0.9602297 1.0207635 1.0278929 0.9987142 1.0088260 0.9213722 1.0646230 0.6589135 0.7206694 0.7289038 0.2675562 0.2366477 0.2404246 0.2309774 0.1001169 0.0909483 0.0883491 0.0000000 0.0157634 0.0161365 0.0137180 0.0160395 0.0366504 0.0372619 0.0416269 0.0374927 0.0378680 0.6590031 0.5931924 0.7615073 0.7516657 0.6147339 0.6147339 0.6830535 0.6147339 0.6857427 0.7158412 0.7237728 0.6747378 0.6890569 0.6312710 0.6738910 0.6738910 0.8570045 0.8653635 0.8777428 0.8857127 0.8967092 0.9752122 0.9525717 0.9752552 0.9720847 0.9715580 1.9438642 1.8815860 2.1962100 2.2026090 1.9068446 1.2591325 0.9487192 0.9797420 0.9604172 1.0130013 2.0470549 1.2455697 1.2391257 2.1008513 1.8719028 2.1805244 2.1539919 2.1808182 0.9892623 0.9671399 0.9789363 0.9680064 1.1547600 0.9592093 0.9506667 0.9535009 0.9089696 0.9063380 0.9156347 0.9003653 0.9219299 0.9878951 0.9140927 0.9429285 1.0039276 0.8614033 0.9111436 0.8967416 0.8967416 0.8718166 1.7970379 1.7374727 1.7374727 1.7463518 1.0058272 0.9058067 0.9090916 
XM_025890310.1 0.9734602 1.0085352 1.0055044 0.9814755 0.9890263 0.9154788 1.0473527 0.6606695 0.7025501 0.7212774 0.2562275 0.2372061 0.2387637 0.2302531 0.0969232 0.0887015 0.0886857 0.0157634 0.0000000 0.0015476 0.0052113 0.0064174 0.0363689 0.0369777 0.0402428 0.0374414 0.0402932 0.6517098 0.5907060 0.7688933 0.7611857 0.6167112 0.6167112 0.6964024 0.6167112 0.6808164 0.7201806 0.7291289 0.6687353 0.6942560 0.6230195 0.6803951 0.6803951 0.8587961 0.8515485 0.8565520 0.8727499 0.8775933 0.9692710 0.9535553 0.9647480 0.9793395 0.9817145 1.9667409 1.8956623 2.2190810 2.2098801 1.9299377 1.2624472 0.9640548 0.9768434 0.9759468 1.0089645 2.0450863 1.2330225 1.2295787 2.1225163 1.8689438 2.1804906 2.1766472 2.1877958 0.9935213 0.9799638 0.9919665 0.9748325 1.1591358 0.9718525 0.9541759 0.9570534 0.9001027 0.9117589 0.9231037 0.9030929 0.9250022 0.9836516 0.9161298 0.9464469 1.0057048 0.8614143 0.9114131 0.8967883 0.8967883 0.8766046 1.8020830 1.7423469 1.7423469 1.7511675 1.0023903 0.8916304 0.9040247 
XM_025890220.1 0.9738799 1.0116470 1.0086041 0.9906259 0.9952253 0.9199209 1.0503922 0.6604571 0.7045851 0.7266688 0.2570117 0.2357774 0.2413263 0.2327460 0.0976406 0.0880532 0.0880376 0.0161365 0.0015476 0.0000000 0.0063179 0.0060822 0.0379183 0.0365081 0.0418682 0.0390163 0.0394580 0.6538209 0.5928875 0.7620200 0.7562340 0.6139039 0.6139039 0.6964133 0.6139039 0.6808788 0.7145752 0.7236470 0.6688002 0.6880338 0.6270331 0.6750064 0.6750064 0.8559163 0.8469359 0.8536528 0.8698616 0.8747165 0.9708965 0.9537064 0.9737889 0.9824310 0.9848198 1.9932770 1.9223958 2.2441399 2.2349539 1.9569745 1.2724834 0.9700272 0.9814216 0.9819287 1.0185933 2.0749933 1.2429812 1.2395339 2.1467311 1.8950563 2.2051800 2.2016878 2.2122513 0.9980858 0.9859779 0.9979959 0.9808339 1.1729509 0.9778364 0.9601451 0.9630254 0.9089910 0.9137999 0.9278140 0.9060691 0.9309145 0.9936019 0.9220243 0.9526196 1.0125218 0.8674931 0.9177669 0.9026520 0.9026520 0.8766046 1.8186149 1.7676054 1.7676054 1.7758039 1.0041663 0.9042072 0.9154224 
XM_028087514.1 0.9316701 0.9156856 0.9100221 0.8833397 0.8904887 0.8263632 0.9237165 0.6233734 0.6481285 0.6264317 0.2066202 0.1951978 0.1957439 0.1939948 0.0939085 0.0817680 0.0837599 0.0137180 0.0052113 0.0063179 0.0000000 0.0023897 0.0293307 0.0299163 0.0340588 0.0275350 0.0340770 0.5498422 0.5477213 0.6688780 0.6705178 0.6119877 0.6119877 0.6119877 0.6119877 0.6518507 0.6598051 0.6710619 0.6515991 0.6685753 0.6044514 0.6233817 0.6233817 0.7795898 0.8152547 0.7508666 0.7680988 0.7617756 0.8737946 0.8390447 0.8560449 0.8684372 0.8734996 1.8098856 1.7380562 2.1157472 2.1226910 1.7775046 1.1515271 0.8481719 0.8585296 0.8602969 0.8908042 1.9157485 1.1111845 1.1076834 2.0252406 1.7307037 2.0461849 2.0385356 2.0725267 0.8664996 0.8522914 0.8646895 0.8528710 0.9937569 0.8589554 0.8408624 0.8465961 0.8163515 0.8055776 0.8176183 0.7990396 0.8188255 0.8686026 0.8097234 0.8396133 0.8917644 0.7892780 0.7991899 0.7927287 0.7927287 0.8406223 1.7034677 1.6331265 1.6331265 1.6377813 0.8867065 0.7853652 0.7951353 
XM_027624758.1 0.9710525 1.0051274 1.0021231 0.9813165 0.9888329 0.9048763 1.0467221 0.6568376 0.6943132 0.7273842 0.2548967 0.2336229 0.2347836 0.2305693 0.0938434 0.0858561 0.0871138 0.0160395 0.0064174 0.0060822 0.0023897 0.0000000 0.0353988 0.0340281 0.0410593 0.0369285 0.0378112 0.6369622 0.5844607 0.7464087 0.7406477 0.6091866 0.6091866 0.6917857 0.6091866 0.6816983 0.7153366 0.7279860 0.6696486 0.6888524 0.6279385 0.6758057 0.6758057 0.8473009 0.8377411 0.8421868 0.8583952 0.8660371 0.9499894 0.9329571 0.9555884 0.9591767 0.9614542 1.9399771 1.8691856 2.1922788 2.1986531 1.9029273 1.2441520 0.9460816 0.9574207 0.9578955 0.9957344 2.0143972 1.2149752 1.2115504 2.0971419 1.8524802 2.1542941 2.1501051 2.1618039 0.9738646 0.9617992 0.9737057 0.9567273 1.1304785 0.9538127 0.9362536 0.9391105 0.8915131 0.8962972 0.9101762 0.8856934 0.9073715 0.9633743 0.8985889 0.9307393 0.9850122 0.8407980 0.8925364 0.8794187 0.8794187 0.8472491 1.7787860 1.7183520 1.7183520 1.7276955 0.9984279 0.8981177 0.9150844 
XM_032429535.1 0.9645052 1.0110731 1.0080785 0.9872546 0.9945225 0.9173543 1.0373236 0.6654713 0.7336641 0.7304328 0.2629964 0.2504039 0.2452766 0.2379045 0.0937612 0.0907215 0.0920039 0.0366504 0.0363689 0.0379183 0.0293307 0.0353988 0.0000000 0.0034240 0.0229364 0.0200314 0.0207700 0.6539808 0.5870931 0.7432977 0.7336373 0.6179754 0.6179754 0.7201543 0.6179754 0.6761382 0.7124873 0.7304916 0.6590396 0.6851240 0.6258501 0.6901497 0.6901497 0.8576342 0.8490502 0.8574597 0.8713849 0.8759019 0.9731181 0.9358679 0.9555266 0.9754519 0.9777936 1.9476145 1.8772366 2.1842111 2.1821323 1.9022570 1.2526069 0.9497484 0.9588798 0.9613068 1.0070221 2.0135559 1.2293983 1.2228817 2.0891879 1.8349238 2.1459737 2.1197541 2.1244894 0.9812872 0.9650201 0.9739888 0.9539482 1.1318234 0.9627918 0.9453479 0.9529311 0.8893031 0.9037176 0.9148933 0.8779106 0.9066097 0.9706894 0.8906617 0.9103066 0.9746098 0.8380154 0.8810033 0.8692697 0.8692697 0.8506246 1.7632652 1.6835501 1.6835501 1.7036306 1.0204123 0.8855033 0.9236333 
XM_036116202.1 0.9541041 1.0244332 1.0213571 1.0002081 1.0077944 0.9182813 1.0324213 0.6652280 0.7281784 0.7210607 0.2667056 0.2438467 0.2428983 0.2363754 0.0955981 0.0911211 0.0924098 0.0372619 0.0369777 0.0365081 0.0299163 0.0340281 0.0034240 0.0000000 0.0235476 0.0205080 0.0192815 0.6536721 0.5764328 0.7369116 0.7311630 0.6095195 0.6095195 0.7072194 0.6095195 0.6764797 0.7073557 0.7228747 0.6593025 0.6792569 0.6298848 0.6824565 0.6824565 0.8385479 0.8310645 0.8381838 0.8543313 0.8589397 0.9532670 0.9307561 0.9593292 0.9569923 0.9592649 1.9405458 1.8693285 2.1878040 2.1706599 1.8945647 1.2390883 0.9415072 0.9552043 0.9531646 0.9965910 2.0245372 1.2129644 1.2162757 2.0918115 1.8427693 2.1413557 2.1377578 2.1274389 0.9746937 0.9687435 0.9718431 0.9516283 1.1315358 0.9605556 0.9429554 0.9458195 0.8980510 0.8970128 0.9109181 0.8777104 0.8993675 0.9608891 0.8905916 0.9104434 0.9755131 0.8331586 0.8808211 0.8689817 0.8689817 0.8487101 1.7789138 1.6988970 1.6988970 1.7189204 1.0146111 0.8839336 0.9189503 
XM_006741083.2 0.9551108 0.9929885 0.9972342 0.9830570 0.9900048 0.9365900 1.0365838 0.6927060 0.7660758 0.7448466 0.2903078 0.2708689 0.2634613 0.2529019 0.1052281 0.1012501 0.1004210 0.0416269 0.0402428 0.0418682 0.0340588 0.0410593 0.0229364 0.0235476 0.0000000 0.0140002 0.0121857 0.6833932 0.6001282 0.7569625 0.7443503 0.6414972 0.6414972 0.7393318 0.6414972 0.7240012 0.7603854 0.7719216 0.7082728 0.7306716 0.6680870 0.7220112 0.7220112 0.8606786 0.8596276 0.8816062 0.8895631 0.8998740 0.9874335 0.9690887 1.0007579 0.9982189 1.0006455 1.9740567 1.9113869 2.2191615 2.2409419 1.9537358 1.2661354 0.9623555 0.9774077 0.9769505 1.0284293 2.0715849 1.2360267 1.2492360 2.1298630 1.8838511 2.1800541 2.1842087 2.1655765 0.9855098 0.9810518 0.9841332 0.9670780 1.1722116 0.9700305 0.9584396 0.9612840 0.9165201 0.9124960 0.9218320 0.9049098 0.9265616 0.9970386 0.9186963 0.9414615 1.0092509 0.8705767 0.9162191 0.9017722 0.9017722 0.8755569 1.8238430 1.7387520 1.7387520 1.7653846 1.0284153 0.8875963 0.9241307 
XM_021678396.1 0.9651976 1.0109247 1.0108182 0.9868924 0.9944171 0.9297877 1.0232914 0.6754548 0.7220366 0.7258226 0.2644938 0.2580776 0.2507770 0.2418666 0.0990554 0.0975057 0.0988684 0.0374927 0.0374414 0.0390163 0.0275350 0.0369285 0.0200314 0.0205080 0.0140002 0.0000000 0.0121867 0.6787513 0.6154070 0.7540486 0.7437143 0.6256805 0.6256805 0.7306180 0.6256805 0.7036176 0.7486888 0.7582463 0.6894204 0.7099715 0.6443655 0.7059054 0.7059054 0.8565058 0.8395044 0.8642121 0.8802963 0.8947991 0.9707295 0.9462671 0.9662508 0.9693405 0.9716633 1.9539216 1.8826719 2.2009035 2.2073637 1.9168387 1.2502945 0.9508301 0.9690667 0.9626778 1.0073002 2.0586851 1.2175266 1.2239885 2.1043173 1.8557512 2.1541592 2.1579010 2.1400337 0.9801000 0.9755829 0.9786891 0.9555595 1.1332804 0.9644871 0.9468716 0.9497385 0.8960475 0.8929674 0.9042326 0.8902544 0.9120099 0.9752273 0.9031970 0.9295096 0.9966708 0.8531498 0.9034115 0.8897998 0.8897998 0.8669228 1.8055762 1.7377094 1.7377094 1.7466482 1.0182276 0.8894609 0.9198773 
XM_035026318.1 0.9383582 1.0191228 1.0160622 0.9978026 0.9991727 0.9501839 1.0106297 0.6679525 0.7305489 0.7357210 0.2737451 0.2600836 0.2543929 0.2429188 0.0963745 0.0937559 0.0950782 0.0378680 0.0402932 0.0394580 0.0340770 0.0378112 0.0207700 0.0192815 0.0121857 0.0121867 0.0000000 0.6635367 0.5912561 0.7480306 0.7454035 0.6196718 0.6196718 0.7143909 0.6196718 0.7003129 0.7314121 0.7464203 0.6890104 0.6968867 0.6439275 0.6945910 0.6945910 0.8533606 0.8419910 0.8615749 0.8776475 0.8884557 0.9720572 0.9627644 0.9886485 0.9771242 0.9794863 1.9612505 1.8899555 2.2080979 2.1988682 1.9071071 1.2793598 0.9732573 0.9866530 0.9792091 1.0253623 2.0481980 1.2499036 1.2564443 2.1111707 1.8628246 2.1611842 2.1650439 2.1469416 0.9873933 0.9982561 1.0013893 0.9721050 1.1455802 0.9810426 0.9692981 0.9721820 0.9210223 0.9085011 0.9198090 0.9032232 0.9251334 0.9937499 0.9162607 0.9373077 1.0022596 0.8594020 0.9116821 0.8974206 0.8974206 0.8742778 1.8041887 1.7180370 1.7180370 1.7451154 1.0081142 0.8830630 0.9204827 
XM_001495589.6 0.8780417 1.2823397 0.9909382 1.3551863 0.9657638 1.2406495 1.3516768 0.5980568 0.8673585 0.6490315 0.6340683 0.6292398 0.6314788 0.6394219 1.1239582 0.6466208 0.6581528 0.6590031 0.6517098 0.6538209 0.5498422 0.6369622 0.6539808 0.6536721 0.6833932 0.6787513 0.6635367 0.0000000 0.1843745 0.5940750 0.5809385 1.0913156 1.0701725 0.6288524 1.0227265 0.7055711 1.1735344 0.7496059 0.6837278 0.6241702 0.5223743 1.0293990 1.1498029 0.8510648 0.7665375 0.7541110 0.7898345 0.8059238 1.9225713 1.1190383 0.9236041 0.9023597 0.9157397 1.9261497 1.9086225 2.0955585 2.1391385 1.9336356 1.3210183 1.0490420 1.0584525 1.3778915 1.1053885 2.0825138 1.3289108 1.3244260 2.0781837 1.9172841 2.1326782 2.0885250 2.1172867 1.0778756 1.0741251 1.0843377 1.4305613 1.2677756 1.0675937 1.0530441 0.8585541 1.0579988 1.0137573 1.1045513 0.9928876 1.3217206 0.9027305 1.0257588 1.0687546 1.1216014 0.7579957 1.0528603 1.0017209 1.0017209 0.7437966 1.8393572 1.8024108 1.8024108 1.8221719 0.9416384 0.9316096 0.8231768 
XM_014789149.1 0.9331603 0.9363110 0.9273468 0.9160864 0.9273487 0.8742276 0.9562989 0.6008988 0.5662929 0.5914751 0.6020116 0.5898403 0.5960790 0.5959241 0.5669400 0.5799485 0.5957876 0.5931924 0.5907060 0.5928875 0.5477213 0.5844607 0.5870931 0.5764328 0.6001282 0.6154070 0.5912561 0.1843745 0.0000000 0.6020737 0.5868770 0.5005061 0.5005061 0.5920607 0.5005061 0.5725722 0.6174175 0.5947221 0.5568172 0.5782635 0.5339239 0.5769439 0.5769439 0.8081368 0.7786857 0.7880409 0.8044539 0.8097286 0.8687134 0.8564097 0.8577389 0.8771689 0.8763906 1.5969615 1.5123981 1.8580998 1.8486175 1.5444731 0.9155028 0.8445399 0.8927378 0.8615832 0.8102176 1.7360948 0.8996165 0.8962494 1.7717084 1.5412317 1.8423570 1.7996439 1.8485284 0.8548074 0.8514902 0.8545233 0.8493582 0.9033679 0.8381344 0.8496598 0.8414142 0.8256724 0.7969250 0.8136031 0.7818058 0.8116110 0.7805378 0.8087859 0.8451979 0.8789661 0.7598051 0.8124152 0.7700499 0.7700499 0.7467609 1.5030693 1.3948834 1.3948834 1.4532241 0.9505071 0.7648494 0.8236386 
XM_032457133.1 0.9205173 0.9860673 0.9801730 0.9829922 1.0023312 0.9641330 1.0743779 0.7437234 0.8059302 0.8153525 0.7674186 0.7529378 0.7515167 0.7573822 0.7362521 0.7583643 0.7608706 0.7615073 0.7688933 0.7620200 0.6688780 0.7464087 0.7432977 0.7369116 0.7569625 0.7540486 0.7480306 0.5940750 0.6020737 0.0000000 0.0064333 0.3844636 0.3844636 0.4544664 0.3844636 0.4694420 0.5108255 0.4795764 0.4421663 0.4670294 0.4190010 0.4643057 0.4643057 0.6785098 0.5741420 0.6306635 0.6326770 0.6488757 0.9373526 0.9025910 0.9396640 0.8941940 0.8909927 1.9651435 1.8990047 2.2407855 2.2229533 1.9596955 1.2023215 0.8998777 0.9244020 0.9085177 0.9154395 2.1706680 1.1892134 1.1890390 2.1431891 1.9135488 2.2194596 2.1636484 2.2018135 0.9338299 0.9325690 0.9297587 0.9133973 1.1050561 0.9134488 0.9134622 0.9162384 0.9264096 0.8877408 0.8815296 0.8545421 0.8975688 0.9382194 0.8888700 0.9343589 1.0094595 0.8325981 0.9274726 0.8732408 0.8732408 0.8113262 1.8964789 1.8827308 1.8827308 1.9047623 1.0731202 0.8398677 0.8590756 
XM_031468852.1 0.8992176 0.9760681 0.9738291 0.9764724 1.0109918 0.9625947 1.0614842 0.7384309 0.7966530 0.8058573 0.7476697 0.7484027 0.7439287 0.7503663 0.7387036 0.7467927 0.7475734 0.7516657 0.7611857 0.7562340 0.6705178 0.7406477 0.7336373 0.7311630 0.7443503 0.7437143 0.7454035 0.5809385 0.5868770 0.0064333 0.0000000 0.3780618 0.3780618 0.4414910 0.3780618 0.4583856 0.5012543 0.4770130 0.4374062 0.4692497 0.4167622 0.4533491 0.4533491 0.6595772 0.5840214 0.6125343 0.6225314 0.6367907 0.9413439 0.8994866 0.9583672 0.8882022 0.8850094 1.9515374 1.8677123 2.2210847 2.2032591 1.9376840 1.2146140 0.8949928 0.9322030 0.9128321 0.9104016 2.1463468 1.2016740 1.2015066 2.1239432 1.8920989 2.1998867 2.1439197 2.1825350 0.9378743 0.9299438 0.9336689 0.9176283 1.0933552 0.9219254 0.9095813 0.9137699 0.9370420 0.8886173 0.8901983 0.8498930 0.8994171 0.9296722 0.8847329 0.9286749 1.0038760 0.8355816 0.9260156 0.8723823 0.8723823 0.8198358 1.8688355 1.8532876 1.8532876 1.8760125 1.0537638 0.8343809 0.8576900 
XM_036835860.1 0.8723962 0.9033150 0.9658145 0.9980414 0.9076499 0.7595681 0.8606222 0.6516248 0.8715193 0.6394606 0.6288115 0.6337159 0.6263711 0.6296124 7.0039475 0.6550827 0.6488011 0.6147339 0.6167112 0.6139039 0.6119877 0.6091866 0.6179754 0.6095195 0.6414972 0.6256805 0.6196718 1.0913156 0.5005061 0.3844636 0.3780618 0.0000000 0.0770459 0.0000010 0.0480158 0.0816310 0.5405455 0.0755643 0.0764597 0.0689774 0.0420308 0.1145362 0.2063391 0.3564186 0.3626846 0.3678600 0.3790120 0.3964566 8.3954905 0.7450731 0.7846365 0.7707533 0.7761007 1.8584334 1.7858324 2.1830258 2.1730065 1.8272792 1.0715635 0.7676165 0.7926908 1.2179868 0.7663533 2.0918182 1.0413152 1.0478336 2.0863371 1.7930563 2.1083821 2.0857753 2.1337730 0.7800397 0.7842697 0.8199233 1.2797699 0.9099256 0.7872597 0.7736554 0.7849006 0.8636327 0.7241841 0.8283185 0.7324564 1.3314165 0.7671456 0.7418501 0.7674485 0.8593370 0.7346040 0.7841506 0.7362926 0.7362926 0.7628284 1.7479475 1.6848863 1.6848863 1.6609078 0.9266311 0.7251676 0.7295707 
XM_036835862.1 0.8723962 0.9033150 0.9658145 0.9980414 0.9076499 0.7595681 0.8606222 0.6516248 0.8715193 0.6394606 0.6288115 0.6337159 0.6263711 0.6296124 1.4143156 0.6550827 0.6488011 0.6147339 0.6167112 0.6139039 0.6119877 0.6091866 0.6179754 0.6095195 0.6414972 0.6256805 0.6196718 1.0701725 0.5005061 0.3844636 0.3780618 0.0770459 0.0000000 0.0000010 0.0479661 0.0816310 0.3418148 0.0755643 0.0764597 0.0689774 0.0420308 0.1112613 0.2078093 0.3564186 0.3626846 0.3678600 0.3790120 0.3964566 2.1703066 0.7450731 0.7846365 0.7707533 0.7761007 1.8584334 1.7858324 2.1830258 2.1730065 1.8272792 1.0715635 0.7676165 0.7926908 1.2179868 0.7663533 2.0918182 1.0413152 1.0478336 2.0863371 1.7930563 2.1083821 2.0857753 2.1337730 0.7800397 0.7842697 0.8199233 1.2797699 0.9099256 0.7872597 0.7736554 0.7849006 0.8636327 0.7241841 0.8283185 0.7324564 1.3314165 0.7671456 0.7418501 0.7674485 0.8593370 0.7346040 0.7841506 0.7362926 0.7362926 0.7628284 1.7479475 1.6848863 1.6848863 1.6609078 0.9266311 0.7251676 0.7295707 
XM_036835863.1 0.9159756 0.9989118 0.9808896 1.0035042 0.9962798 0.8797726 0.9859538 0.6904572 0.7185499 0.7650666 0.7295489 0.7201984 0.7155445 0.7161395 0.6899792 0.7525307 0.7468728 0.6830535 0.6964024 0.6964133 0.6119877 0.6917857 0.7201543 0.7072194 0.7393318 0.7306180 0.7143909 0.6288524 0.5920607 0.4544664 0.4414910 0.0000010 0.0000010 0.0000000 0.0000010 0.0606017 0.0645247 0.0576204 0.0516858 0.0545376 0.0423766 0.0492687 0.0492687 0.4437991 0.3774859 0.4724243 0.4653960 0.4903155 0.9021782 0.8416510 0.8642701 0.8661052 0.8686024 1.9975795 1.9225956 2.2503204 2.2416100 1.9406991 1.1619805 0.8625873 0.8745604 0.8567558 0.8695304 2.1810993 1.1354114 1.1319804 2.1557722 1.9175546 2.2244323 2.1985127 2.2222310 0.8858864 0.8871525 0.8902012 0.8675679 1.0524836 0.8650188 0.8738192 0.8737742 0.8922622 0.8120135 0.8141496 0.8204361 0.8437289 0.8748624 0.8350284 0.8638719 0.9530003 0.7547080 0.8760900 0.8224029 0.8224029 0.7601943 1.8577378 1.8135615 1.8135615 1.7966788 1.0521684 0.8159222 0.8377173 
XM_036835861.1 0.8723962 0.9033150 0.9658145 0.9980414 0.9076499 0.7595681 0.8606222 0.6516248 0.8715193 0.6394606 0.6288115 0.6337159 0.6263711 0.6296124 1.1719617 0.6550827 0.6488011 0.6147339 0.6167112 0.6139039 0.6119877 0.6091866 0.6179754 0.6095195 0.6414972 0.6256805 0.6196718 1.0227265 0.5005061 0.3844636 0.3780618 0.0480158 0.0479661 0.0000010 0.0000000 0.0816310 0.1453283 0.0755643 0.0764597 0.0689774 0.0420308 0.0816517 0.1087289 0.3564186 0.3626846 0.3678600 0.3790120 0.3964566 1.8955980 0.7450731 0.7846365 0.7707533 0.7761007 1.8584334 1.7858324 2.1830258 2.1730065 1.8272792 1.0715635 0.7676165 0.7926908 1.2179868 0.7663533 2.0918182 1.0413152 1.0478336 2.0863371 1.7930563 2.1083821 2.0857753 2.1337730 0.7800397 0.7842697 0.8199233 1.2797699 0.9099256 0.7872597 0.7736554 0.7849006 0.8636327 0.7241841 0.8283185 0.7324564 1.3314165 0.7671456 0.7418501 0.7674485 0.8593370 0.7346040 0.7841506 0.7362926 0.7362926 0.7628284 1.7479475 1.6848863 1.6848863 1.6609078 0.9266311 0.7251676 0.7295707 
XM_027081249.1 0.9676234 0.9541993 1.0275253 1.0457879 0.9596729 0.8547615 0.9632487 0.7120831 0.8927937 0.7586079 0.7148303 0.7184093 0.7028676 0.7060428 0.9035737 0.7211437 0.7150844 0.6857427 0.6808164 0.6808788 0.6518507 0.6816983 0.6761382 0.6764797 0.7240012 0.7036176 0.7003129 0.7055711 0.5725722 0.4694420 0.4583856 0.0816310 0.0816310 0.0606017 0.0816310 0.0000000 0.0135740 0.0121625 0.0073009 0.0444112 0.0206269 0.0489205 0.0489781 0.4563357 0.4232158 0.4368730 0.4522474 0.4635836 1.2426775 0.8616376 0.8854147 0.8514481 0.8569618 2.0085350 1.9280678 2.2741627 2.2818711 1.9672351 1.1716313 0.8514967 0.8632591 1.1763621 0.8559028 2.2027210 1.1474485 1.1575282 2.1796245 1.9229488 2.2187481 2.2076527 2.2263132 0.8623285 0.8682582 0.8918853 1.1823030 1.0075756 0.8653201 0.8507184 0.8632109 0.9237190 0.8126372 0.9042059 0.8281366 1.1804252 0.8811700 0.8463916 0.8756588 0.9764465 0.8145341 0.8987259 0.8433504 0.8433504 0.8132037 1.9320781 1.8965312 1.8965312 1.8843106 0.9867758 0.8027075 0.8448304 
XM_033847598.1 0.9680748 0.9764421 1.0488538 1.0753794 0.9897645 0.8879077 0.9882690 0.7399782 1.0589628 0.7946496 0.7435173 0.7382959 0.7325773 0.7330912 1.7891852 0.7471882 0.7411220 0.7158412 0.7201806 0.7145752 0.6598051 0.7153366 0.7124873 0.7073557 0.7603854 0.7486888 0.7314121 1.1735344 0.6174175 0.5108255 0.5012543 0.5405455 0.3418148 0.0645247 0.1453283 0.0135740 0.0000000 0.0113892 0.0079535 0.0433153 0.0225785 0.0736034 0.1528930 0.4522082 0.4219521 0.4595893 0.4756264 0.4873532 2.8524465 0.8846836 0.9275064 0.8978022 0.9034246 2.0852096 2.0159258 2.3488196 2.3567666 2.0553000 1.1982492 0.8804152 0.8961350 1.2956198 0.8972568 2.2602324 1.1774723 1.1807185 2.2334260 1.9966981 2.2890992 2.2601802 2.2793846 0.8962845 0.8948625 0.9179815 1.3567683 1.0471109 0.8916068 0.8798118 0.8925764 0.9527035 0.8548626 0.9462287 0.8659689 1.4442073 0.9279256 0.8844267 0.9155336 1.0091956 0.8209438 0.9300373 0.8751902 0.8751902 0.8136356 2.0048531 1.9743110 1.9743110 1.9598383 1.0445057 0.8429474 0.8750700 
XM_030843292.1 0.9862635 0.9897702 1.0603039 1.0856480 0.9931233 0.9070616 1.0254689 0.7110150 0.9034939 0.7944988 0.7618183 0.7596488 0.7520609 0.7521435 0.9101813 0.7587917 0.7528524 0.7237728 0.7291289 0.7236470 0.6710619 0.7279860 0.7304916 0.7228747 0.7719216 0.7582463 0.7464203 0.7496059 0.5947221 0.4795764 0.4770130 0.0755643 0.0755643 0.0576204 0.0755643 0.0121625 0.0113892 0.0000000 0.0082630 0.0432746 0.0230259 0.0420226 0.0420697 0.4771986 0.4316156 0.4863748 0.5003643 0.5105754 1.2654344 0.8797919 0.9275182 0.8954686 0.8980507 1.9953496 1.9288565 2.2661122 2.2732614 1.9736654 1.1934751 0.8834687 0.9073692 1.2121880 0.9004135 2.1361627 1.1857896 1.1823784 2.1366280 1.9041440 2.2287668 2.1866553 2.1953596 0.9104526 0.9028770 0.9282823 1.2084400 1.0497987 0.8883867 0.8827530 0.8923216 0.9607632 0.8597374 0.9518441 0.8623855 1.2088964 0.9156242 0.8803528 0.9076346 0.9974432 0.8207144 0.9211142 0.8683946 0.8683946 0.8196131 1.9066129 1.8723464 1.8723464 1.8617496 1.0958123 0.8748030 0.9125921 
XM_004275657.2 0.9529927 0.9401090 1.0112208 1.0248625 0.9409647 0.8301691 0.9355803 0.7016920 0.8768229 0.7272162 0.6891456 0.6985227 0.6888018 0.6916971 0.8617819 0.6963578 0.6949548 0.6747378 0.6687353 0.6688002 0.6515991 0.6696486 0.6590396 0.6593025 0.7082728 0.6894204 0.6890104 0.6837278 0.5568172 0.4421663 0.4374062 0.0764597 0.0764597 0.0516858 0.0764597 0.0073009 0.0079535 0.0082630 0.0000000 0.0404692 0.0187297 0.0398658 0.0399115 0.4248430 0.4129554 0.4141406 0.4286459 0.4398303 1.1890083 0.8317982 0.8615017 0.8242822 0.8297498 1.9969649 1.9278218 2.2843369 2.2922936 1.9696370 1.1495015 0.8305377 0.8423312 1.1262983 0.8381368 2.2126012 1.1293354 1.1338467 2.1956349 1.9334573 2.2265488 2.2061617 2.2332881 0.8415895 0.8443503 0.8683598 1.1291236 0.9850863 0.8471445 0.8326357 0.8449702 0.9024256 0.8033217 0.8954589 0.8069614 1.1284950 0.8637830 0.8259196 0.8543037 0.9432057 0.8107334 0.8669274 0.8169210 0.8169210 0.8079323 1.9161243 1.8828172 1.8828172 1.8706723 0.9659093 0.7957646 0.8260495 
